family	position	t1_bl	t1_bl_n	t1_ch	t1_ch_n	t1g1_bl	t1g1_bl_n	t1g1_ch	t1g1_ch_n	t1g1m1_bl	t1g1m1_bl_n	t1g1m1_ch	t1g1m1_ch_n	t1g1m1c1_bl	t1g1m1c1_bl_n	t1g1m1c1_ch	t1g1m1c1_ch_n	t1g1m1c2_bl	t1g1m1c2_bl_n	t1g1m1c2_ch	t1g1m1c2_ch_n	t1g2_bl	t1g2_bl_n	t1g2_ch	t1g2_ch_n
F249	2355	236	12237	174	18501	1400	14638	1552	17739	264	16153	205	17784	1198	21057	328	7118	14	21596	2	12209	787	21657	830	15248
F249	3244	64	4306	16	6997	17	7560	15	7253	13	6544	15	4310	15	9887	19	6600	11	8695	8	7855	12	7150	22	6594
F249	3500	2	4052	3	4849	2	5295	3	5483	1	4729	0	3492	1	7466	81	6565	2	5941	2	6412	2	5332	4	4967
F249	4451	640	13120	40	13680	10	12129	10	12264	14	12872	8	9058	34	17639	11	18732	19	13606	21	16400	9	13987	13	13625
F249	4482	10	12151	7	12399	14	11186	5	11178	6	11894	5	8281	13	16140	310	17172	6	12405	7	15177	7	12732	8	12531
F249	6937	240	15660	35	16316	8	16334	16	15452	12	16308	0	10623	26	21557	15	18774	18	17539	39	21058	12	16775	19	16568
F249	9824	4	13192	10	15137	73	15126	155	14442	7	15275	1	10029	8	19447	6	16454	13	16325	19	19294	5	15661	8	14610
F249	11579	14	8541	26	13790	30	12035	29	13886	22	12928	153	14085	34	17559	24	6338	46	17562	19	10724	27	16692	23	12806
F249	15930	3	13375	10	18316	2	15749	2	17521	5	16221	4	17289	4	21713	1	7685	2829	22711	1522	13153	10	22378	9	15561
