family	m1_bl	m1_bl_n	m1_ch	m1_ch_n	m1c1_bl	m1c1_bl_n	m1c1_ch	m1c1_ch_n	m1c2_bl	m1c2_bl_n	m1c2_ch	m1c2_ch_n	m1c3_bl	m1c3_bl_n	m1c3_ch	m1c3_ch_n	position
F131	9	11231	7	11308	4	12345	8	7185	0	7325	8	11093	6	11247	168	8523	11418
F131	10	11722	11	9883	14	11603	7	7978	3	7226	19	11636	9	11476	127	8671	11637
F131	5	12805	14	8487	6	12730	20	9216	9	8426	14	11361	553	12914	268	7914	12674
F142	1359	22932	788	14626	12	17601	24	15185	2776	13942	2754	12646	4620	23721	3315	15406	1585
F142	4	21195	2	14697	4	15059	2	10374	1	10057	3	12386	6	22984	296	16658	11219
F166	0	4468	0	2124	0	2740	3	2642	4	13003	4	6402	39	5350	29	2020	295
F166	7	14611	5	9384	8	10133	6	9019	10	25670	4	12071	144	10307	24	3380	786
F166	6	17283	1	14852	172	11417	2	12677	14	37307	5	22318	2	16137	0	5863	1747
F166	329	18913	34	14945	7	12850	3	14789	7	35294	5	20725	2	16231	1	5564	16150
F167	143	1413	681	2880	3	3598	18	4781	1	3231	2	2070	924	6995	608	5682	596
F167	16	1370	22	3772	1	4143	1	1471	4	8395	1	11311	7	10694	6	10885	8584
F167	5	2884	3	6471	173	7345	34	2494	7	8953	11	11905	8	11394	8	11367	8784
F167	8	8710	14	8114	3	9253	117	8180	4	5942	6	8029	10	10199	9	8218	11012
F167	71	7083	155	11539	379	13847	304	19167	0	2967	0	3603	5	15747	4	18524	11881
F167	19	1562	75	4499	2	3246	0	7104	3	7919	0	7996	3	13652	2	12754	13571
F181	5187	20853	3641	15758	7821	17177	7475	16580	453	15958	374	9989	418	20157	412	18425	1193
F181	10	23067	6	16841	3	19275	6	17775	225	18125	131	12242	9	22313	11	20571	1642
F181	870	25533	508	18364	27	20851	28	19892	21	20079	8	14174	431	24200	487	22623	2064
F181	776	18919	346	11085	23	16600	10	19765	157	17687	127	8681	13	17943	18	18855	10411
F186	13	5817	5	10351	1	8227	1	8016	1002	10652	358	8714	5	7964	2	8840	198
F186	491	15748	567	21579	5	20608	13	18365	20	23830	6	19829	691	24886	539	19602	1948
F186	4	13410	22	15537	158	11987	164	13017	21	19922	8	13350	17	17550	7	12610	4502
F186	101	9116	305	13875	1	8060	1	10812	7	14423	4	9721	8	13780	3	10438	8304
F191	8	12245	12	10890	9	10236	18	11821	364	29370	165	14812	6	16646	10	13814	14128
F192	156	10976	250	17350	237	18174	145	11237	231	14408	361	21454	131	10568	177	14619	5746
F192	6	15407	11	17483	1238	18517	852	15181	9	16359	11	18210	5	11256	9	16582	13224
F192	4	16073	6	18053	217	19503	146	15875	3	17232	9	19198	3	11905	6	17532	13345
F192	2	10922	18	14657	13	13808	11	11018	111	11703	220	15226	4	7344	15	13563	14344
F192	2376	20131	273	23332	4398	24552	219	17165	5694	21081	907	24458	17	13555	27	21674	16129
F194	0	691	3	3084	1	1839	1	1414	2	14507	4	4676	1904	2909	2762	2948	234
F194	160	2628	714	8666	561	3402	1162	6203	6328	28126	1836	10602	6	19315	12	12790	6152
F196	5	10945	3	1193	1	16789	3	7109	1	6693	1	4623	184	3585	49	351	214
F196	3	16780	1	1842	7	29010	4	16508	1	10195	5	12836	187	12559	10	1183	6791
F196	5455	18544	1243	4050	9311	32020	3337	12080	1842	9588	1272	6848	2	6382	0	760	14573
F196	5887	25600	1364	5698	6638	36469	3061	17017	1600	12995	1277	9162	3213	9731	365	1206	15047
F200	6	1360	14	1042	2	2119	10	3997	1	5398	9	2677	8	2491	0	2951	10
F200	226	4150	314	7231	0	4758	6	14291	7	25232	1	12459	0	10399	3	11851	926
F202	13	10650	6	7812	3	4577	4	8252	3	5079	11	13418	215	14029	144	17127	3242
F202	0	3983	1	7574	97	4565	137	5318	1	5195	1	5869	1	3011	0	1790	6405
F202	8	6837	23	9716	4	6837	14	7820	14	7397	19	9818	101	5497	316	14760	7861
F202	6	6127	126	10848	17	8411	2	1996	6	7205	5	2212	17	9701	45	21501	11646
F202	580	8416	541	6417	3	5300	9	8126	3	5396	2	9322	4	9042	4	15171	14040
F202	0	7677	12	9165	6	8926	9	12029	216	8404	369	14670	13	10351	22	18847	15161
F202	3	12602	2	9125	1	11717	6	15147	100	11112	204	19027	3	11977	4	20343	15915
F239	335	14617	147	7071	1	14841	0	5320	5	11371	5	9069	9	12372	13	13174	12130
F250	4	10349	2	8305	407	9246	281	6797	3	6882	1	6379	3	9570	2	7400	8485
F250	1	14326	9	12113	3	12851	7	9593	7	9929	3	9414	147	14059	122	10828	8864
F250	23	15531	23	9623	17	12699	20	10061	19	14867	9	8624	1115	15050	658	13690	11809
F250	368	23004	443	9998	95	17600	74	10538	75	21318	60	9006	31	20391	31	15214	16092
F268	7	19553	8	13880	8	14608	12	12946	5	22321	11	6210	1	18217	85	5021	2507
F268	21	18865	8	13523	4	14105	7	12422	9	21811	4	6107	4	17316	423	4802	2573
F268	16	16980	21	12831	17	13009	20	11555	26	20569	5	5829	14	15748	92	4645	2717
F268	9	11750	15	9485	11	9471	22	8547	21	14276	8	5310	8	10571	212	4965	2919
F268	23	10092	39	9386	22	8712	33	6769	12	12131	28	9269	6	10965	29	2552	6023
F268	19	12354	45	12444	3	11692	2	8779	2	14884	6	11873	564	13476	184	3425	6707
F268	39	11842	24	11047	6	11019	5	7537	7	13811	10	10104	787	12121	154	2915	9670
F268	2	12539	0	13110	1	11681	3	10240	3	16396	9	21404	1	10332	332	8328	11203
F268	10	12631	13	13230	13	11585	7	10276	17	16474	350	21811	9	10338	7	8773	11224
F268	4	16794	17	12495	1	12759	5	10683	4	20043	12	5813	37	15151	43	3134	16209
F284	47	2780	17	3720	4	6767	2	2416	203	5634	15	5424	5	5713	9	3726	195
F284	4	8027	3	11599	3	19487	4	6603	157	15316	5	14992	302	15249	6	11481	12488
F287	2	10097	105	10235	0	8374	1	6406	3	9472	5	8967	4	8520	7	10799	3965
F287	433	15132	494	15413	319	12236	305	9214	4661	14055	4272	14244	5	12811	8	15975	10433
F287	6	13763	2	11404	2	8812	5	5046	396	10106	369	8294	6	8814	3	10766	11143
F287	1285	9256	775	4411	502	8686	358	5822	35	7890	16	5465	359	7826	345	8686	14153
F302	13	12037	6	8765	4	8600	6	5059	99	10846	109	8260	13	11515	3	5571	4435
F302	14	14155	12	10214	328	11013	177	6978	14	12477	8	9431	12	13719	6	6985	6842
F302	92	9630	174	9697	0	5908	0	3781	71	8720	46	4938	4	9723	4	5632	14011
F302	938	11415	745	11242	0	7078	0	4494	4	10380	3	5880	5	11667	2	6756	14100
FM	3249	7569	4425	10897	1478	12300	943	8315	9088	10748	7447	8786	1946	8496	2190	10123	2352
FM	95	8679	101	6663	2	6534	2	5226	3	4794	0	4911	2	3918	4	4143	9565
FM	433	19340	697	23452	1	9744	1	5374	4	7851	0	4735	4	14028	2	19678	11149
FM	484	10263	1022	15852	1	10273	15	13531	3	8688	15	12801	0	10253	5	15724	16170
